image	latitude	longitude	altitude		yaw	pitch	roll
R1010979.JPG	-27.1225898921	-109.2832199499	518.537		303.4	5.8	-0.1
R1010980.JPG	-27.1219107142	-109.2841503582	521.045		301.1	7.6	1.3
R1010981.JPG	-27.1212755944	-109.2851505026	515.095		298.2	5.7	-1.2
targets.JPG	48.462229	-123.308462	24		0	4.9	-0.8
R1010982.JPG	-27.1206870906	-109.2860784361	516.654		297.8	4.9	-0.8
R1010983.JPG	-27.1201189594	-109.2870195569	506.291		296.1	3.2	0.0
R1010984.JPG	-27.1195313640	-109.2880399496	504.643		293.8	5.1	0.9
R1010985.JPG	-27.1189818653	-109.2890213372	500.490		297.9	7.7	0.1
R1010986.JPG	-27.1183832839	-109.2899706449	506.976		299.3	4.6	0.4
R1010987.JPG	-27.1177598720	-109.2909035056	503.096		298.2	5.2	-0.1
R1010988.JPG	-27.1171266356	-109.2919063964	507.368		297.4	5.6	-1.0
R1010989.JPG	-27.1165802360	-109.2928188027	501.473		296.7	10.4	-0.1
R1010990.JPG	-27.1159513193	-109.2938157556	506.861		298.7	2.9	-1.0
R1010991.JPG	-27.1153527350	-109.2947447171	504.351		297.2	6.1	-1.3
R1010992.JPG	-27.1147708768	-109.2957303731	506.807		296.1	8.9	1.0
R1010993.JPG	-27.1141603398	-109.2967186895	509.865		299.4	7.3	0.3
R1010994.JPG	-27.1135847121	-109.2976010540	507.401		298.6	8.1	-1.6
R1010995.JPG	-27.1129636607	-109.2986075842	504.939		298.4	4.2	0.7
R1010996.JPG	-27.1123849733	-109.2995485027	509.070		297.7	7.3	-0.6
R1010997.JPG	-27.1117862745	-109.3005428782	509.024		298.1	5.2	0.4
R1010998.JPG	-27.1111769984	-109.3015372605	508.023		297.1	6.5	0.4
R1010999.JPG	-27.1126625582	-109.3020130393	515.555		117.8	5.8	-0.6
R1011000.JPG	-27.1132163917	-109.3010100460	518.311		119.8	6.1	-0.2
R1011001.JPG	-27.1137856277	-109.3000495278	514.057		121.3	-0.1	-1.7
R1011002.JPG	-27.1143885983	-109.2990140638	510.731		121.3	3.8	-1.7
R1011003.JPG	-27.1149699248	-109.2980342898	506.651		123.1	7.9	-1.9
R1011004.JPG	-27.1155494390	-109.2971015842	504.859		121.9	4.1	1.4
R1011005.JPG	-27.1161859224	-109.2961368527	508.858		122.8	4.1	-0.4
R1011006.JPG	-27.1167659765	-109.2952219385	507.654		121.3	5.9	-0.2
R1011007.JPG	-27.1173804262	-109.2942393796	509.775		123.6	5.8	-0.3
R1011008.JPG	-27.1179676885	-109.2933378295	507.842		123.3	6.3	1.9
R1011009.JPG	-27.1185960341	-109.2923594574	505.322		121.2	5.5	-2.2
R1011010.JPG	-27.1191584093	-109.2913798236	508.570		120.6	8.2	2.1
R1011011.JPG	-27.1197307045	-109.2904561399	503.526		121.3	2.8	2.2
R1011012.JPG	-27.1203306259	-109.2895006147	511.473		124.0	6.7	-0.6
R1011013.JPG	-27.1209704727	-109.2884601812	504.530		122.3	5.3	3.3
R1011014.JPG	-27.1215494410	-109.2875551574	508.030		123.0	5.7	-2.4
R1011015.JPG	-27.1221537753	-109.2865740014	513.613		122.5	7.5	-2.8
R1011016.JPG	-27.1227515490	-109.2856250646	514.282		123.5	10.3	-3.4
R1011017.JPG	-27.1233539722	-109.2846939411	525.496		125.8	6.6	-4.0
R1011018.JPG	-27.1239738499	-109.2837256082	527.226		121.1	4.7	-1.2
R1011019.JPG	-27.1248646246	-109.2850228235	513.558		304.4	4.5	-0.3
R1011020.JPG	-27.1242000592	-109.2859395102	516.805		300.0	8.9	-3.1
R1011021.JPG	-27.1235898949	-109.2869065139	519.093		299.5	7.6	1.5
R1011022.JPG	-27.1229526988	-109.2879201197	508.193		296.7	3.8	-0.4
R1011023.JPG	-27.1224140111	-109.2888296062	505.548		294.9	3.5	-0.3
R1011024.JPG	-27.1218577539	-109.2897957178	508.234		295.6	3.0	-2.3
R1011025.JPG	-27.1212365829	-109.2908171211	502.069		297.4	8.5	1.4
R1011026.JPG	-27.1206352439	-109.2917585067	502.396		296.8	2.0	-0.3
R1011027.JPG	-27.1200522520	-109.2926784874	499.838		299.2	8.1	-3.0
R1011028.JPG	-27.1194656256	-109.2936904873	502.357		294.7	7.0	0.9
R1011029.JPG	-27.1188592831	-109.2946709114	504.861		301.5	4.2	0.8
R1011030.JPG	-27.1182547604	-109.2955941664	504.708		297.4	10.3	0.5
R1011031.JPG	-27.1176551754	-109.2965435842	505.083		298.0	5.6	1.2
R1011032.JPG	-27.1170752331	-109.2974455997	510.175		297.9	4.3	-1.7
R1011033.JPG	-27.1164279508	-109.2984975483	505.868		297.1	6.1	0.8
R1011034.JPG	-27.1158834881	-109.2994227689	511.542		297.0	6.2	0.9
R1011035.JPG	-27.1152873979	-109.3003698959	513.070		297.7	7.5	1.0
R1011036.JPG	-27.1146328904	-109.3014358143	515.675		295.0	10.5	0.2
R1011037.JPG	-27.1140850111	-109.3023352573	520.380		297.5	8.5	0.7
R1011038.JPG	-27.1135034732	-109.3032472028	515.226		297.7	7.0	-1.3
R1011039.JPG	-27.1149217767	-109.3037359848	520.903		118.4	6.7	1.7
R1011040.JPG	-27.1154850556	-109.3027479243	523.628		118.6	6.5	4.2
R1011041.JPG	-27.1160360337	-109.3018433454	531.763		123.0	4.6	3.9
R1011042.JPG	-27.1166793657	-109.3008248036	524.715		123.2	7.4	0.3
R1011043.JPG	-27.1172848928	-109.2998975011	516.859		123.9	4.1	-2.8
R1011044.JPG	-27.1178705054	-109.2989390749	513.146		123.0	6.7	4.9
R1011045.JPG	-27.1184757875	-109.2979358314	511.774		121.6	6.9	-0.4
R1011046.JPG	-27.1190489805	-109.2969642302	509.145		119.9	3.0	-1.5
R1011047.JPG	-27.1196295616	-109.2959939195	504.013		123.6	4.2	0.6
R1011048.JPG	-27.1202751659	-109.2950539516	504.740		124.7	8.1	1.4
R1011049.JPG	-27.1208719602	-109.2941470488	507.639		121.1	4.0	0.4
R1011050.JPG	-27.1214808594	-109.2931393076	504.417		122.4	6.1	2.8
R1011051.JPG	-27.1220665118	-109.2922234030	505.572		122.0	4.5	0.5
R1011052.JPG	-27.1226900082	-109.2912377296	503.243		121.1	9.1	-1.2
R1011053.JPG	-27.1232308066	-109.2903373512	505.474		120.3	3.1	-0.1
R1011054.JPG	-27.1238453513	-109.2893223598	509.141		122.7	8.3	2.5
R1011055.JPG	-27.1244306495	-109.2884237237	510.527		122.9	2.9	-0.7
R1011056.JPG	-27.1250807687	-109.2873937580	511.140		121.1	7.7	-1.2
R1011057.JPG	-27.1256250333	-109.2864881600	514.602		124.0	9.8	3.8
R1011058.JPG	-27.1262578735	-109.2855080475	516.862		122.4	3.6	-0.3
R1011059.JPG	-27.1271523752	-109.2868672772	516.809		304.0	10.3	3.2
R1011060.JPG	-27.1264998499	-109.2877791701	519.395		298.7	2.1	2.3
R1011061.JPG	-27.1258982616	-109.2886793558	518.655		298.9	5.7	-1.5
R1011062.JPG	-27.1252673214	-109.2897037911	513.139		298.0	7.8	-1.6
R1011063.JPG	-27.1246808462	-109.2906485706	515.620		296.5	8.9	-1.8
R1011064.JPG	-27.1241033418	-109.2915930620	506.814		296.3	6.2	-1.4
R1011065.JPG	-27.1235578038	-109.2925420920	502.097		297.2	4.0	-0.5
R1011066.JPG	-27.1229520421	-109.2935357664	501.596		296.6	2.0	1.9
R1011067.JPG	-27.1223513737	-109.2945283851	506.393		296.5	4.3	2.4
R1011068.JPG	-27.1217558547	-109.2954612707	504.487		298.5	4.4	1.3
R1011069.JPG	-27.1211414785	-109.2964114087	503.634		296.9	5.9	0.0
R1011070.JPG	-27.1205429361	-109.2973894207	510.715		295.6	6.9	1.3
R1011071.JPG	-27.1199554862	-109.2983142433	505.528		295.0	3.2	0.0
R1011072.JPG	-27.1193708543	-109.2992731867	499.423		296.9	10.0	0.4
R1011073.JPG	-27.1187531678	-109.3003306258	505.346		298.8	5.2	-2.1
R1011074.JPG	-27.1181048012	-109.3012825393	511.541		298.8	8.1	2.0
R1011075.JPG	-27.1175356798	-109.3022131413	508.583		298.6	7.4	4.2
R1011076.JPG	-27.1169529763	-109.3031693319	509.903		299.5	7.1	1.7
R1011077.JPG	-27.1163501060	-109.3040995265	510.530		296.3	4.9	-0.6
R1011078.JPG	-27.1157432234	-109.3050998498	507.132		296.3	3.5	-0.4
R1011079.JPG	-27.1171425604	-109.3055404297	503.841		118.3	5.1	0.7
R1011080.JPG	-27.1177258834	-109.3045178641	503.017		121.2	2.9	1.8
R1011081.JPG	-27.1183205951	-109.3035821555	502.824		123.4	7.2	0.3
R1011082.JPG	-27.1189370132	-109.3026228641	502.146		123.5	3.8	1.8
R1011083.JPG	-27.1195525669	-109.3017064716	505.758		122.0	3.8	5.1
R1011084.JPG	-27.1201951513	-109.3007295283	506.552		122.8	8.3	-2.8
R1011085.JPG	-27.1207863930	-109.2997804033	504.859		120.2	6.8	0.7
R1011086.JPG	-27.1213736465	-109.2988077051	508.103		121.7	6.7	1.5
R1011087.JPG	-27.1219446773	-109.2978788477	506.097		122.8	6.3	1.1
R1011088.JPG	-27.1225562751	-109.2969177793	503.677		115.8	6.7	3.0
R1011089.JPG	-27.1231288951	-109.2959838022	509.639		122.2	4.4	0.0
R1011090.JPG	-27.1237767007	-109.2949633010	508.316		122.2	5.3	1.2
R1011091.JPG	-27.1243427719	-109.2940413097	510.422		121.5	13.8	0.9
R1011092.JPG	-27.1249596751	-109.2930625016	519.044		122.2	4.6	2.5
R1011093.JPG	-27.1255861325	-109.2921126517	512.860		121.4	5.4	0.5
R1011094.JPG	-27.1261895495	-109.2911078584	509.808		121.3	12.7	0.1
R1011095.JPG	-27.1267376687	-109.2901550105	517.896		119.6	2.7	0.9
R1011096.JPG	-27.1273190022	-109.2891984074	514.192		121.6	5.7	0.7
R1011097.JPG	-27.1279101037	-109.2882145792	511.584		121.2	6.1	-0.2
R1011098.JPG	-27.1284857249	-109.2872853467	507.146		124.0	4.2	2.3
R1011099.JPG	-27.1294333417	-109.2886468841	506.472		302.9	9.3	-0.5
R1011100.JPG	-27.1287896546	-109.2895703358	511.052		301.8	3.0	0.3
R1011101.JPG	-27.1281819425	-109.2904809490	512.141		297.2	7.6	1.7
R1011102.JPG	-27.1275905273	-109.2914584413	508.195		298.2	2.8	2.1
R1011103.JPG	-27.1270053375	-109.2923833589	512.882		297.0	5.4	-2.1
R1011104.JPG	-27.1263845032	-109.2934234864	509.824		296.4	9.3	1.3
R1011105.JPG	-27.1258207520	-109.2943706044	515.861		298.0	4.0	-0.3
R1011106.JPG	-27.1252032929	-109.2953603136	509.145		298.2	4.0	0.9
R1011107.JPG	-27.1246255568	-109.2962765764	506.146		297.0	2.7	0.7
R1011108.JPG	-27.1240281758	-109.2972456324	502.402		297.6	8.3	-0.3
R1011109.JPG	-27.1234555159	-109.2982346355	509.767		298.3	6.9	0.6
R1011110.JPG	-27.1228329102	-109.2991914488	508.172		298.5	7.3	-0.5
R1011111.JPG	-27.1222029812	-109.3001855012	499.263		295.7	6.8	-4.0
R1011112.JPG	-27.1216675219	-109.3011605305	506.020		294.9	3.8	2.7
R1011113.JPG	-27.1210755018	-109.3020581646	506.661		301.7	3.9	1.0
R1011114.JPG	-27.1204151724	-109.3030137426	503.202		298.7	6.1	-1.9
R1011115.JPG	-27.1198671573	-109.3039430096	507.859		295.3	4.6	0.9
R1011116.JPG	-27.1192531879	-109.3049588673	505.449		297.2	5.8	-0.6
R1011117.JPG	-27.1187000364	-109.3058757046	508.798		297.1	5.8	-0.5
R1011118.JPG	-27.1180689058	-109.3068912608	506.785		299.3	6.8	0.0
